[gd_scene load_steps=18 format=2]

[ext_resource path="res://characters/HitBox.tscn" type="PackedScene" id=1]
[ext_resource path="res://characters/enemies/raw_assets/Birb_Monster/birdmonster.glb" type="PackedScene" id=2]
[ext_resource path="res://characters/enemies/Monster.gd" type="Script" id=3]
[ext_resource path="res://characters/HealthManager.tscn" type="PackedScene" id=4]
[ext_resource path="res://characters/CharacterMover.tscn" type="PackedScene" id=5]
[ext_resource path="res://characters/enemies/AimAtObject.gd" type="Script" id=6]
[ext_resource path="res://weapons/DamageArea.tscn" type="PackedScene" id=7]

[sub_resource type="CapsuleShape" id=1]
radius = 0.5

[sub_resource type="CapsuleShape" id=2]
radius = 0.0729723
height = 0.406568

[sub_resource type="CapsuleShape" id=3]
radius = 0.0399119
height = 0.388538

[sub_resource type="CapsuleShape" id=4]
radius = 0.0399119
height = 0.388538

[sub_resource type="CapsuleShape" id=5]
radius = 0.0399119
height = 0.339864

[sub_resource type="CapsuleShape" id=6]
radius = 0.111452
height = 0.406568

[sub_resource type="CapsuleShape" id=7]
radius = 0.0458482
height = 0.467156

[sub_resource type="BoxShape" id=8]
extents = Vector3( 0.164704, 0.115216, 0.162298 )

[sub_resource type="BoxShape" id=9]
extents = Vector3( 0.164704, 0.183124, 0.351827 )

[sub_resource type="SphereShape" id=10]
radius = 0.127304

[node name="BirdMonster" type="KinematicBody"]
collision_layer = 2
collision_mask = 3
script = ExtResource( 3 )
attack_rate = 1.0

[node name="CollisionShape" type="CollisionShape" parent="."]
transform = Transform( 1, 0, 0, 0, -4.37114e-08, 1, 0, -1, -4.37114e-08, 0, 1, 0 )
shape = SubResource( 1 )

[node name="Graphics" parent="." instance=ExtResource( 2 )]

[node name="ArmUR" type="BoneAttachment" parent="Graphics/Armature/Skeleton" index="1"]
transform = Transform( -0.772083, -0.635492, -0.00616551, 0.633657, -0.770523, 0.0690926, -0.0486585, 0.0494384, 0.997591, -0.175098, 1.50524, 0.0708672 )
bone_name = "upper_arm.r"

[node name="HitBox" parent="Graphics/Armature/Skeleton/ArmUR" instance=ExtResource( 1 )]

[node name="CollisionShape" type="CollisionShape" parent="Graphics/Armature/Skeleton/ArmUR/HitBox"]
transform = Transform( 1, 0, 7.30157e-07, 1.49012e-08, -2.98023e-08, -0.999999, 0, 1, 2.98023e-08, -0.00102824, 0.127312, 0.0139712 )
shape = SubResource( 2 )

[node name="ArmLR" type="BoneAttachment" parent="Graphics/Armature/Skeleton" index="2"]
transform = Transform( -0.999195, -0.0380169, -0.0128261, 0.0310543, -0.935209, 0.352734, -0.0254049, 0.352051, 0.935636, -0.449619, 1.17239, 0.0922237 )
bone_name = "lower_arm.r"

[node name="HitBox" parent="Graphics/Armature/Skeleton/ArmLR" instance=ExtResource( 1 )]

[node name="CollisionShape" type="CollisionShape" parent="Graphics/Armature/Skeleton/ArmLR/HitBox"]
transform = Transform( 1, -1.86265e-08, 7.59959e-07, 1.49012e-08, -2.98023e-08, -0.999999, 0, 1, -6.55651e-07, -7.15554e-05, 0.217102, 0.016642 )
shape = SubResource( 3 )

[node name="CollisionShape2" type="CollisionShape" parent="Graphics/Armature/Skeleton/ArmLR/HitBox"]
transform = Transform( 0.885175, -2.98023e-08, 0.465259, 0.465259, -2.98023e-08, -0.885173, 0, 1, -2.98023e-08, -0.0689608, 0.660624, -0.0208508 )
shape = SubResource( 3 )

[node name="CollisionShape4" type="CollisionShape" parent="Graphics/Armature/Skeleton/ArmLR/HitBox"]
transform = Transform( 0.864083, -0.107826, 0.491665, 0.483961, 0.446464, -0.752629, -0.138358, 0.888281, 0.437965, -0.0572138, 0.559437, -0.159685 )
shape = SubResource( 4 )

[node name="CollisionShape3" type="CollisionShape" parent="Graphics/Armature/Skeleton/ArmLR/HitBox"]
transform = Transform( 0.93135, -0.0648306, 0.358308, 0.340725, -0.191905, -0.920367, 0.12843, 0.97927, -0.156642, -0.111308, 0.620538, 0.118497 )
shape = SubResource( 5 )

[node name="ArmLL" type="BoneAttachment" parent="Graphics/Armature/Skeleton" index="3"]
transform = Transform( -0.998048, 0.062448, 0.000759432, -0.0584495, -0.938291, 0.340871, 0.0219993, 0.340161, 0.94011, 0.457496, 1.17447, 0.0866649 )
bone_name = "lower_arm.l"

[node name="HitBox" parent="Graphics/Armature/Skeleton/ArmLL" instance=ExtResource( 1 )]

[node name="CollisionShape" type="CollisionShape" parent="Graphics/Armature/Skeleton/ArmLL/HitBox"]
transform = Transform( 1, -1.86265e-08, 7.59959e-07, 1.49012e-08, 0, -0.999999, -1.86265e-09, 1, -5.96046e-07, -7.1615e-05, 0.217102, 0.016642 )
shape = SubResource( 3 )

[node name="CollisionShape2" type="CollisionShape" parent="Graphics/Armature/Skeleton/ArmLL/HitBox"]
transform = Transform( 0.922479, 0.0953674, -0.374084, -0.385251, 0.165128, -0.907917, -0.0248138, 0.981651, 0.189068, 0.0901559, 0.668119, -0.0215907 )
shape = SubResource( 3 )

[node name="CollisionShape4" type="CollisionShape" parent="Graphics/Armature/Skeleton/ArmLL/HitBox"]
transform = Transform( 0.932049, -0.0165682, -0.361952, -0.282324, 0.592923, -0.754145, 0.227104, 0.805089, 0.547956, 0.0575506, 0.574569, -0.181359 )
shape = SubResource( 4 )

[node name="CollisionShape3" type="CollisionShape" parent="Graphics/Armature/Skeleton/ArmLL/HitBox"]
transform = Transform( 0.871142, -0.0546994, -0.487977, -0.486963, -0.223933, -0.844228, -0.0630955, 0.973068, -0.221714, 0.0804383, 0.584605, 0.131911 )
shape = SubResource( 5 )

[node name="ArmUL" type="BoneAttachment" parent="Graphics/Armature/Skeleton" index="4"]
transform = Transform( -0.763123, 0.646252, 0.000756809, -0.645433, -0.762214, 0.0494571, 0.0325386, 0.0372534, 0.998776, 0.178326, 1.50373, 0.0705722 )
bone_name = "upper_arm.l"

[node name="HitBox" parent="Graphics/Armature/Skeleton/ArmUL" instance=ExtResource( 1 )]

[node name="CollisionShape" type="CollisionShape" parent="Graphics/Armature/Skeleton/ArmUL/HitBox"]
transform = Transform( 1, 0, 7.30157e-07, 1.49012e-08, -2.98023e-08, -0.999999, 0, 1, 2.98023e-08, -0.00102824, 0.127312, 0.0139712 )
shape = SubResource( 2 )

[node name="LegUL" type="BoneAttachment" parent="Graphics/Armature/Skeleton" index="5"]
transform = Transform( -0.782991, 0.148378, 0.604052, 0.0548879, -0.950859, 0.304719, 0.619566, 0.271754, 0.736389, 0.131876, 0.936301, 1.37659e-07 )
bone_name = "upperleg.l"

[node name="HitBox" parent="Graphics/Armature/Skeleton/LegUL" instance=ExtResource( 1 )]

[node name="CollisionShape" type="CollisionShape" parent="Graphics/Armature/Skeleton/LegUL/HitBox"]
transform = Transform( 1, 0, 7.59959e-07, 7.45058e-08, -4.47035e-08, -0.999999, 2.98023e-08, 1, 2.98023e-08, 0.0229518, 0.127312, -0.0121142 )
shape = SubResource( 6 )

[node name="LegUR" type="BoneAttachment" parent="Graphics/Armature/Skeleton" index="6"]
transform = Transform( -0.782991, -0.148378, -0.604051, -0.0548878, -0.950859, 0.304719, -0.619566, 0.271754, 0.736389, -0.131876, 0.936301, 1.37659e-07 )
bone_name = "upperleg.r"

[node name="HitBox" parent="Graphics/Armature/Skeleton/LegUR" instance=ExtResource( 1 )]

[node name="CollisionShape" type="CollisionShape" parent="Graphics/Armature/Skeleton/LegUR/HitBox"]
transform = Transform( 1, 0, 7.59959e-07, 7.45058e-08, -4.47035e-08, -0.999999, 2.98023e-08, 1, 2.98023e-08, 0.0229518, 0.127312, -0.0121142 )
shape = SubResource( 6 )

[node name="LegLR" type="BoneAttachment" parent="Graphics/Armature/Skeleton" index="7"]
transform = Transform( -0.786337, 0.178847, -0.591318, -0.0264707, -0.966053, -0.256983, -0.617189, -0.186426, 0.764397, -0.193831, 0.539271, 0.113471 )
bone_name = "lowerleg.r"

[node name="HitBox" parent="Graphics/Armature/Skeleton/LegLR" instance=ExtResource( 1 )]

[node name="CollisionShape" type="CollisionShape" parent="Graphics/Armature/Skeleton/LegLR/HitBox"]
transform = Transform( 1, 0, 6.4075e-07, 2.23517e-08, -2.98023e-08, -0.999999, -2.98023e-08, 1, -3.27826e-07, -8.15317e-05, 0.239782, -0.00817943 )
shape = SubResource( 7 )

[node name="LegLL" type="BoneAttachment" parent="Graphics/Armature/Skeleton" index="8"]
transform = Transform( -0.786337, -0.178847, 0.591318, 0.0264708, -0.966053, -0.256983, 0.61719, -0.186426, 0.764397, 0.193831, 0.539271, 0.113471 )
bone_name = "lowerleg.l"

[node name="HitBox" parent="Graphics/Armature/Skeleton/LegLL" instance=ExtResource( 1 )]

[node name="CollisionShape" type="CollisionShape" parent="Graphics/Armature/Skeleton/LegLL/HitBox"]
transform = Transform( 1, 0, 6.4075e-07, 2.23517e-08, -2.98023e-08, -0.999999, -2.98023e-08, 1, -3.27826e-07, -8.15317e-05, 0.239782, -0.00817943 )
shape = SubResource( 7 )

[node name="Hip" type="BoneAttachment" parent="Graphics/Armature/Skeleton" index="9"]
transform = Transform( 1, 0, 0, 0, 1, 0, 0, 0, 1, 0, 0.915201, 0 )
bone_name = "hip"

[node name="HitBox" parent="Graphics/Armature/Skeleton/Hip" instance=ExtResource( 1 )]

[node name="CollisionShape" type="CollisionShape" parent="Graphics/Armature/Skeleton/Hip/HitBox"]
transform = Transform( 1, 0, 6.4075e-07, 2.23517e-08, -2.98023e-08, -0.999999, -2.98023e-08, 1, -3.27826e-07, -8.15296e-05, 0.146818, -0.00817943 )
shape = SubResource( 8 )

[node name="Body" type="BoneAttachment" parent="Graphics/Armature/Skeleton" index="10"]
transform = Transform( 1, 0, 2.38418e-07, -8.6824e-08, 0.931334, 0.364166, -2.22047e-07, -0.364166, 0.931334, 0, 1.13977, 0 )
bone_name = "body"

[node name="HitBox" parent="Graphics/Armature/Skeleton/Body" instance=ExtResource( 1 )]

[node name="CollisionShape" type="CollisionShape" parent="Graphics/Armature/Skeleton/Body/HitBox"]
transform = Transform( 0.998083, 0.0179072, 0.0592309, 0.0608039, -0.106246, -0.992478, -0.0114796, 0.994179, -0.107131, -8.15298e-05, 0.22196, -0.00778386 )
shape = SubResource( 9 )

[node name="HitBox2" parent="Graphics/Armature/Skeleton/Body" instance=ExtResource( 1 )]
transform = Transform( 1, -7.10543e-15, 1.42109e-14, 7.10543e-15, 1, -2.98023e-08, 0, 2.98023e-08, 1, 0, 0, 0 )
weak_spot = true

[node name="CollisionShape2" type="CollisionShape" parent="Graphics/Armature/Skeleton/Body/HitBox2"]
transform = Transform( 0.998083, 0.0179072, 0.0592308, 0.0608039, -0.106246, -0.992478, -0.0114796, 0.994179, -0.107131, -0.0143809, 0.504515, 0.255018 )
shape = SubResource( 10 )

[node name="HealthManager" parent="." instance=ExtResource( 4 )]
transform = Transform( 1, 0, 0, 0, 1, 0, 0, 0, 1, 0, 1.35062, 0 )

[node name="CharacterMover" parent="." instance=ExtResource( 5 )]
move_accel = 2
max_speed = 10
gravity = 0
ignore_rotation = true

[node name="AimAtObject" type="CollisionShape" parent="."]
transform = Transform( 1, 0, 0, 0, 1, 0, 0, 0, 1, 0, 1, 0.258968 )
script = ExtResource( 6 )

[node name="DamageArea" parent="AimAtObject" instance=ExtResource( 7 )]
transform = Transform( 1, 0, 0, 0, 1, 0, 0, 0, 1, 0, 0.08427, 0.557042 )

[editable path="Graphics"]
