[gd_scene load_steps=16 format=2]

[ext_resource path="res://characters/HitBox.tscn" type="PackedScene" id=1]
[ext_resource path="res://characters/enemies/raw_assets/reptilemonster/reptilemonster.glb" type="PackedScene" id=2]
[ext_resource path="res://characters/enemies/Monster.gd" type="Script" id=3]
[ext_resource path="res://characters/HealthManager.tscn" type="PackedScene" id=4]
[ext_resource path="res://characters/CharacterMover.tscn" type="PackedScene" id=5]
[ext_resource path="res://characters/enemies/AimAtObject.gd" type="Script" id=6]
[ext_resource path="res://weapons/FireBallSpawner.tscn" type="PackedScene" id=7]

[sub_resource type="CapsuleShape" id=1]
radius = 0.0399119
height = 0.388538

[sub_resource type="CapsuleShape" id=2]
radius = 0.0729723
height = 0.406568

[sub_resource type="CapsuleShape" id=3]
radius = 0.111452
height = 0.406568

[sub_resource type="CapsuleShape" id=4]
radius = 0.0458482
height = 0.467156

[sub_resource type="BoxShape" id=5]
extents = Vector3( 0.164704, 0.115216, 0.162298 )

[sub_resource type="BoxShape" id=6]
extents = Vector3( 0.164704, 0.182299, 0.417128 )

[sub_resource type="BoxShape" id=7]
extents = Vector3( 1, 0.789217, 2.58259 )

[sub_resource type="CapsuleShape" id=8]
radius = 0.5

[node name="ReptileMonster" type="KinematicBody"]
collision_layer = 2
collision_mask = 3
script = ExtResource( 3 )
attack_range = 100.0
attack_rate = 1.0

[node name="Graphics" parent="." instance=ExtResource( 2 )]

[node name="Skeleton" parent="Graphics/Armature" index="0"]
bones/0/bound_children = [ NodePath("Hip") ]
bones/1/bound_children = [ NodePath("Body") ]
bones/4/bound_children = [ NodePath("ArmUR") ]
bones/5/bound_children = [ NodePath("LegUL") ]

[node name="ArmLL" type="BoneAttachment" parent="Graphics/Armature/Skeleton" index="1"]
transform = Transform( -0.998048, 0.062448, 0.000759432, -0.0584495, -0.938291, 0.340871, 0.0219993, 0.340161, 0.94011, 0.457496, 1.17447, 0.0866649 )
bone_name = "lower_arm.l"

[node name="HitBox" parent="Graphics/Armature/Skeleton/ArmLL" instance=ExtResource( 1 )]
transform = Transform( 0.926335, -0.353673, 0.129694, 0.354776, 0.934827, 0.01528, -0.126645, 0.031858, 0.991437, -0.00871587, -0.139915, 0.0508296 )

[node name="CollisionShape" type="CollisionShape" parent="Graphics/Armature/Skeleton/ArmLL/HitBox"]
transform = Transform( 1.37291, -0.149066, 0.059129, 0.0295717, -0.345745, -0.957715, 0.187721, 1.14467, -0.281575, -0.00505602, 0.202715, 0.00552219 )
shape = SubResource( 1 )

[node name="ArmUL" type="BoneAttachment" parent="Graphics/Armature/Skeleton" index="2"]
transform = Transform( -0.763123, 0.646252, 0.000756809, -0.645433, -0.762214, 0.0494571, 0.0325386, 0.0372534, 0.998776, 0.178326, 1.50373, 0.0705722 )
bone_name = "upper_arm.l"

[node name="HitBox" parent="Graphics/Armature/Skeleton/ArmUL" instance=ExtResource( 1 )]
transform = Transform( 1, -3.58559e-08, -1.11759e-08, 2.31666e-08, 1, -3.72529e-09, 3.72529e-09, 3.72529e-09, 1, -0.0868536, -0.0925798, -0.0725339 )

[node name="CollisionShape" type="CollisionShape" parent="Graphics/Armature/Skeleton/ArmUL/HitBox"]
transform = Transform( 1, 0, 7.30157e-07, 1.49012e-08, -2.98023e-08, -0.999999, 0, 1, 2.98023e-08, -0.00102824, 0.127312, 0.0139712 )
shape = SubResource( 2 )

[node name="ArmLR" type="BoneAttachment" parent="Graphics/Armature/Skeleton" index="3"]
transform = Transform( -0.79388, -0.60769, -0.0216002, 0.606835, -0.789498, -0.0918891, 0.0387867, -0.0860568, 0.995535, -0.219632, 1.62157, 0.980117 )
bone_name = "lower_arm.l"

[node name="HitBox" parent="Graphics/Armature/Skeleton/ArmLR" instance=ExtResource( 1 )]
transform = Transform( 0.921286, -0.347866, 0.173848, 0.359894, 0.932038, -0.0422248, -0.147344, 0.101468, 0.983869, 0.011494, 0.0175929, 0.0881876 )

[node name="CollisionShape" type="CollisionShape" parent="Graphics/Armature/Skeleton/ArmLR/HitBox"]
transform = Transform( 1.38559, 0.00865645, 0.0232944, 0.0313572, -0.758238, -0.77688, 0.0125807, 0.936498, -0.629218, 0.272269, 0.516014, -0.85667 )
shape = SubResource( 1 )

[node name="ArmUR" type="BoneAttachment" parent="Graphics/Armature/Skeleton" index="4"]
transform = Transform( -0.768204, -0.639068, 0.0381405, 0.634004, -0.767684, -0.0932756, 0.0888892, -0.0474735, 0.994909, -0.218738, 1.59086, 0.0117653 )
bone_name = "upper_armr"

[node name="HitBox" parent="Graphics/Armature/Skeleton/ArmUR" instance=ExtResource( 1 )]
transform = Transform( 1, -2.7474e-08, 7.45058e-09, -2.09548e-08, 1, -3.72529e-08, -2.23517e-08, -5.58794e-08, 1, 0.03127, 0.0100642, 0.0332587 )

[node name="CollisionShape" type="CollisionShape" parent="Graphics/Armature/Skeleton/ArmUR/HitBox"]
transform = Transform( 1, 0, 7.30157e-07, 1.49012e-08, -2.98023e-08, -0.999999, 0, 1, 2.98023e-08, -0.00102824, 0.127312, 0.0139712 )
shape = SubResource( 2 )

[node name="LegUL" type="BoneAttachment" parent="Graphics/Armature/Skeleton" index="5"]
transform = Transform( -0.859371, -0.371408, 0.351477, 0.506519, -0.712557, 0.48549, 0.0701327, 0.595246, 0.800477, -0.43137, 1.33543, -0.00403017 )
bone_name = "lower_armr"

[node name="HitBox" parent="Graphics/Armature/Skeleton/LegUL" instance=ExtResource( 1 )]

[node name="CollisionShape" type="CollisionShape" parent="Graphics/Armature/Skeleton/LegUL/HitBox"]
transform = Transform( 1, 0, 7.59959e-07, 7.45058e-08, -4.47035e-08, -0.999999, 2.98023e-08, 1, 2.98023e-08, 0.0229518, 0.127312, -0.0121142 )
shape = SubResource( 3 )

[node name="LegUR" type="BoneAttachment" parent="Graphics/Armature/Skeleton" index="6"]
transform = Transform( -0.782991, -0.148378, -0.604051, -0.0548878, -0.950859, 0.304719, -0.619566, 0.271754, 0.736389, -0.131876, 0.936301, 1.37659e-07 )
bone_name = "upperleg.r"

[node name="HitBox" parent="Graphics/Armature/Skeleton/LegUR" instance=ExtResource( 1 )]

[node name="CollisionShape" type="CollisionShape" parent="Graphics/Armature/Skeleton/LegUR/HitBox"]
transform = Transform( 1, 0, 7.59959e-07, 7.45058e-08, -4.47035e-08, -0.999999, 2.98023e-08, 1, 2.98023e-08, 0.0229518, 0.127312, -0.0121142 )
shape = SubResource( 3 )

[node name="LegLR" type="BoneAttachment" parent="Graphics/Armature/Skeleton" index="7"]
transform = Transform( -0.786337, 0.178847, -0.591318, -0.0264707, -0.966053, -0.256983, -0.617189, -0.186426, 0.764397, -0.193831, 0.539271, 0.113471 )
bone_name = "lowerleg.r"

[node name="HitBox" parent="Graphics/Armature/Skeleton/LegLR" instance=ExtResource( 1 )]

[node name="CollisionShape" type="CollisionShape" parent="Graphics/Armature/Skeleton/LegLR/HitBox"]
transform = Transform( 1, 0, 6.4075e-07, 2.23517e-08, -2.98023e-08, -0.999999, -2.98023e-08, 1, -3.27826e-07, -8.15317e-05, 0.239782, -0.00817943 )
shape = SubResource( 4 )

[node name="LegLL" type="BoneAttachment" parent="Graphics/Armature/Skeleton" index="8"]
transform = Transform( -0.786337, -0.178847, 0.591318, 0.0264708, -0.966053, -0.256983, 0.61719, -0.186426, 0.764397, 0.193831, 0.539271, 0.113471 )
bone_name = "lowerleg.l"

[node name="HitBox" parent="Graphics/Armature/Skeleton/LegLL" instance=ExtResource( 1 )]

[node name="CollisionShape" type="CollisionShape" parent="Graphics/Armature/Skeleton/LegLL/HitBox"]
transform = Transform( 1, 0, 6.4075e-07, 2.23517e-08, -2.98023e-08, -0.999999, -2.98023e-08, 1, -3.27826e-07, -8.15317e-05, 0.239782, -0.00817943 )
shape = SubResource( 4 )

[node name="Hip" type="BoneAttachment" parent="Graphics/Armature/Skeleton" index="9"]
transform = Transform( 1, 0, 0, 0, 0.978673, -0.205425, 0, 0.205425, 0.978673, 2.84689e-18, 0.948998, -0.0952436 )
bone_name = "hip"

[node name="HitBox" parent="Graphics/Armature/Skeleton/Hip" instance=ExtResource( 1 )]
transform = Transform( 1, 0, 0, 0, 1, 0, 0, 0, 1, 0, -0.0649446, 0.0223184 )

[node name="CollisionShape" type="CollisionShape" parent="Graphics/Armature/Skeleton/Hip/HitBox"]
transform = Transform( 1, 0, 6.4075e-07, 2.23517e-08, -2.98023e-08, -0.999999, -2.98023e-08, 1, -3.27826e-07, -8.15296e-05, 0.146818, -0.00817943 )
shape = SubResource( 5 )

[node name="Body" type="BoneAttachment" parent="Graphics/Armature/Skeleton" index="10"]
transform = Transform( 1, 1.77636e-15, -2.38419e-07, -2.5024e-08, 0.994477, -0.104958, 2.37102e-07, 0.104958, 0.994477, 2.84689e-18, 1.20205, -0.042127 )
bone_name = "body"

[node name="HitBox" parent="Graphics/Armature/Skeleton/Body" instance=ExtResource( 1 )]
transform = Transform( 1, -8.71871e-08, 1.65135e-08, 8.71871e-08, 0.930737, -0.365689, 1.65135e-08, 0.365689, 0.930737, -1.6057e-08, -0.026334, 0.0673479 )

[node name="CollisionShape" type="CollisionShape" parent="Graphics/Armature/Skeleton/Body/HitBox"]
transform = Transform( 0.998083, 0.0179072, 0.0592309, 0.0588813, 0.0194223, -0.998075, -0.0190232, 0.999652, 0.0183307, -8.15298e-05, 0.207884, -0.00776081 )
shape = SubResource( 6 )

[node name="HitBox2" parent="Graphics/Armature/Skeleton/Body" instance=ExtResource( 1 )]
transform = Transform( 1, -7.10543e-15, 1.42109e-14, 7.10543e-15, 1, -2.98023e-08, 0, 2.98023e-08, 1, 0, 0, 0 )
weak_spot = true

[node name="CollisionShape" type="CollisionShape" parent="Graphics/Armature/Skeleton/Body/HitBox2"]
transform = Transform( 0.0997284, 0.007365, 0.000112774, -0.00676147, 0.0921421, -0.0382642, -0.00292206, 0.0381526, 0.0923898, -1.74793e-07, 0.611868, 0.266865 )
shape = SubResource( 7 )

[node name="AnimationPlayer" parent="Graphics" index="1"]
autoplay = "idle_loop"

[node name="CollisionShape" type="CollisionShape" parent="."]
transform = Transform( 1, 0, 0, 0, -4.37114e-08, 1, 0, -1, -4.37114e-08, 0, 1, 0 )
shape = SubResource( 8 )

[node name="HealthManager" parent="." instance=ExtResource( 4 )]
transform = Transform( 1, 0, 0, 0, 1, 0, 0, 0, 1, 0, 1.31351, 0 )
max_health = 20

[node name="CharacterMover" parent="." instance=ExtResource( 5 )]
move_accel = 2
max_speed = 10
gravity = 0
ignore_rotation = true

[node name="AimAtObject" type="CollisionShape" parent="."]
transform = Transform( 1, 0, 0, 0, 1, 0, 0, 0, 1, 0, 1, 0.258968 )
script = ExtResource( 6 )

[node name="RocketSpawner" parent="AimAtObject" instance=ExtResource( 7 )]
transform = Transform( -1, 0, -8.74228e-08, 0, 1, 0, 8.74228e-08, 0, -1, 0, 0.115464, 0.277436 )

[editable path="Graphics"]
